[gd_scene load_steps=5 format=2]

[ext_resource path="res://scenes/tree.tscn" type="PackedScene" id=2]
[ext_resource path="res://scenes/tree2.tscn" type="PackedScene" id=3]
[ext_resource path="res://scenes/tree3.tscn" type="PackedScene" id=4]
[ext_resource path="res://scenes/tree4.tscn" type="PackedScene" id=5]

[node name="allTrees" type="Spatial"]

[node name="trees" type="Spatial" parent="."]

[node name="tree2" parent="trees" instance=ExtResource( 3 )]
transform = Transform( -1, 3.25841e-07, 0, -3.25841e-07, -1, 0, 0, 0, 1, 0, -60, 0 )

[node name="tree3" parent="trees" instance=ExtResource( 4 )]
transform = Transform( 0.730618, 0.504829, 0.459722, 0.245416, -0.822471, 0.51314, 0.637156, -0.262086, -0.724805, 30.3012, -49.07, -16.1767 )

[node name="tree4" parent="trees" instance=ExtResource( 5 )]
transform = Transform( 0.922525, 0.385938, 6.28773e-08, 0, -1.62921e-07, 1, 0.385938, -0.922525, -1.50298e-07, 23.4951, 0, -55.1679 )

[node name="tree5" parent="trees" instance=ExtResource( 2 )]
transform = Transform( 0.90211, -0.429596, -0.0405471, 0.127624, 0.17587, 0.976105, -0.4122, -0.88573, 0.213481, -26.2728, 9.77327, -53.016 )

[node name="tree6" parent="trees" instance=ExtResource( 2 )]
transform = Transform( 0.97559, 0.210734, -0.0617744, 0.00612906, 0.255063, 0.966905, 0.219517, -0.943681, 0.247545, 12.7211, 15.6683, -56.4624 )

[node name="tree8" parent="trees" instance=ExtResource( 5 )]
transform = Transform( 0.955303, -0.292288, 0.0443128, -0.0254255, 0.0681055, 0.997354, -0.294532, -0.953902, 0.0576299, -15.6798, 3.31029, -57.7779 )

[node name="tree9" parent="trees" instance=ExtResource( 3 )]
transform = Transform( 0.978064, 0.204199, 0.0411553, -0.0173018, -0.117253, 0.992951, 0.207585, -0.971882, -0.111148, 12.2279, -8.70336, -58.0817 )

[node name="tree10" parent="trees" instance=ExtResource( 5 )]
transform = Transform( 0.783971, 0.616687, 0.0713165, -0.00974953, -0.102634, 0.994671, 0.620721, -0.780489, -0.0744498, 37.1038, -6.68229, -46.6419 )

[node name="tree11" parent="trees" instance=ExtResource( 2 )]
transform = Transform( 0.864731, 0.496962, 0.0725876, 0.131698, -0.363843, 0.922103, 0.484661, -0.787811, -0.380075, 28.8943, -22.9902, -47.1928 )

[node name="trees2" type="Spatial" parent="."]
transform = Transform( 0.170502, 0, 0.985357, 0.47206, -0.877774, -0.0816831, 0.864921, 0.479075, -0.149662, 0, 0, 0 )

[node name="tree" parent="trees2" instance=ExtResource( 2 )]
transform = Transform( 0.998423, 0.0482779, -0.0286426, -0.0561352, 0.858674, -0.509438, 0, 0.510243, 0.86003, 2.51157, 49.3531, 33.8618 )

[node name="tree2" parent="trees2" instance=ExtResource( 3 )]
transform = Transform( -1, 3.25841e-07, 0, -3.25841e-07, -1, 0, 0, 0, 1, 0, -60, 0 )

[node name="tree3" parent="trees2" instance=ExtResource( 4 )]
transform = Transform( 0.730618, 0.504829, 0.459722, 0.245416, -0.822471, 0.51314, 0.637156, -0.262086, -0.724805, 30.3012, -49.07, -16.1767 )

[node name="tree4" parent="trees2" instance=ExtResource( 5 )]
transform = Transform( 0.922525, 0.385938, 6.28773e-08, 0, -1.62921e-07, 1, 0.385938, -0.922525, -1.50298e-07, 23.4951, 0, -55.1679 )

[node name="tree5" parent="trees2" instance=ExtResource( 2 )]
transform = Transform( 0.90211, -0.429596, -0.0405471, 0.127624, 0.17587, 0.976105, -0.4122, -0.88573, 0.213481, -26.2728, 9.77327, -53.016 )

[node name="tree6" parent="trees2" instance=ExtResource( 2 )]
transform = Transform( 0.97559, 0.210734, -0.0617744, 0.00612906, 0.255063, 0.966905, 0.219517, -0.943681, 0.247545, 12.7211, 15.6683, -56.4624 )

[node name="tree7" parent="trees2" instance=ExtResource( 3 )]
transform = Transform( 0.97776, -0.200168, 0.0625964, 0.0041608, 0.31692, 0.948443, -0.209686, -0.927089, 0.310705, -9.09309, 20.357, -55.6731 )

[node name="tree8" parent="trees2" instance=ExtResource( 5 )]
transform = Transform( 0.955303, -0.292288, 0.0443128, -0.0254255, 0.0681055, 0.997354, -0.294532, -0.953902, 0.0576299, -15.6798, 3.31029, -57.7779 )

[node name="tree9" parent="trees2" instance=ExtResource( 3 )]
transform = Transform( 0.978064, 0.204199, 0.0411553, -0.0173018, -0.117253, 0.992951, 0.207585, -0.971882, -0.111148, 12.2279, -8.70336, -58.0817 )

[node name="tree10" parent="trees2" instance=ExtResource( 5 )]
transform = Transform( 0.783971, 0.616687, 0.0713165, -0.00974953, -0.102634, 0.994671, 0.620721, -0.780489, -0.0744498, 37.1038, -6.68229, -46.6419 )

[node name="tree11" parent="trees2" instance=ExtResource( 2 )]
transform = Transform( 0.864731, 0.496962, 0.0725876, 0.131698, -0.363843, 0.922103, 0.484661, -0.787811, -0.380075, 28.8943, -22.9902, -47.1928 )

[node name="trees3" type="Spatial" parent="."]
transform = Transform( -0.63835, -0.0685026, 0.766692, 0.00373472, -0.996296, -0.0859078, 0.769738, -0.0519758, 0.636241, 0, 0, 0 )

[node name="tree" parent="trees3" instance=ExtResource( 2 )]
transform = Transform( 0.998423, 0.0482779, -0.0286426, -0.0561352, 0.858674, -0.509438, 0, 0.510243, 0.86003, 2.51157, 49.3531, 33.8618 )

[node name="tree3" parent="trees3" instance=ExtResource( 4 )]
transform = Transform( 0.730618, 0.504829, 0.459722, 0.245416, -0.822471, 0.51314, 0.637156, -0.262086, -0.724805, 30.3012, -49.07, -16.1767 )

[node name="tree4" parent="trees3" instance=ExtResource( 5 )]
transform = Transform( 0.922525, 0.385938, 6.28773e-08, 0, -1.62921e-07, 1, 0.385938, -0.922525, -1.50298e-07, 23.4951, 0, -55.1679 )

[node name="tree5" parent="trees3" instance=ExtResource( 2 )]
transform = Transform( 0.90211, -0.429596, -0.0405471, 0.127624, 0.17587, 0.976105, -0.4122, -0.88573, 0.213481, -26.2728, 9.77327, -53.016 )

[node name="tree6" parent="trees3" instance=ExtResource( 2 )]
transform = Transform( 0.97559, 0.210734, -0.0617744, 0.00612906, 0.255063, 0.966905, 0.219517, -0.943681, 0.247545, 12.7211, 15.6683, -56.4624 )

[node name="tree7" parent="trees3" instance=ExtResource( 3 )]
transform = Transform( 0.97776, -0.200168, 0.0625964, 0.0041608, 0.31692, 0.948443, -0.209686, -0.927089, 0.310705, -9.09309, 20.357, -55.6731 )

[node name="tree8" parent="trees3" instance=ExtResource( 5 )]
transform = Transform( 0.955303, -0.292288, 0.0443128, -0.0254255, 0.0681055, 0.997354, -0.294532, -0.953902, 0.0576299, -15.6798, 3.31029, -57.7779 )

[node name="tree9" parent="trees3" instance=ExtResource( 3 )]
transform = Transform( 0.978064, 0.204199, 0.0411553, -0.0173018, -0.117253, 0.992951, 0.207585, -0.971882, -0.111148, 12.2279, -8.70336, -58.0817 )

[node name="tree10" parent="trees3" instance=ExtResource( 5 )]
transform = Transform( 0.783971, 0.616687, 0.0713165, -0.00974953, -0.102634, 0.994671, 0.620721, -0.780489, -0.0744498, 37.1038, -6.68229, -46.6419 )

[node name="tree11" parent="trees3" instance=ExtResource( 2 )]
transform = Transform( 0.864731, 0.496962, 0.0725876, 0.131698, -0.363843, 0.922103, 0.484661, -0.787811, -0.380075, 28.8943, -22.9902, -47.1928 )

[node name="trees4" type="Spatial" parent="."]
transform = Transform( 0.131387, 0.770713, 0.623489, -0.103106, -0.614906, 0.781831, 0.985955, -0.167008, -0.00132562, 0, 0, 0 )

[node name="tree" parent="trees4" instance=ExtResource( 2 )]
transform = Transform( 0.998423, 0.0482779, -0.0286426, -0.0561352, 0.858674, -0.509438, 0, 0.510243, 0.86003, 2.51157, 49.3531, 33.8618 )

[node name="tree2" parent="trees4" instance=ExtResource( 3 )]
transform = Transform( -1, 3.25841e-07, 0, -3.25841e-07, -1, 0, 0, 0, 1, 0, -60, 0 )

[node name="tree3" parent="trees4" instance=ExtResource( 4 )]
transform = Transform( 0.730618, 0.504829, 0.459722, 0.245416, -0.822471, 0.51314, 0.637156, -0.262086, -0.724805, 30.3012, -49.07, -16.1767 )

[node name="tree4" parent="trees4" instance=ExtResource( 5 )]
transform = Transform( 0.922525, 0.385938, 6.28773e-08, 0, -1.62921e-07, 1, 0.385938, -0.922525, -1.50298e-07, 23.4951, 0, -55.1679 )

[node name="tree5" parent="trees4" instance=ExtResource( 2 )]
transform = Transform( 0.90211, -0.429596, -0.0405471, 0.127624, 0.17587, 0.976105, -0.4122, -0.88573, 0.213481, -26.2728, 9.77327, -53.016 )

[node name="tree6" parent="trees4" instance=ExtResource( 2 )]
transform = Transform( 0.97559, 0.210734, -0.0617744, 0.00612906, 0.255063, 0.966905, 0.219517, -0.943681, 0.247545, 12.7211, 15.6683, -56.4624 )

[node name="tree7" parent="trees4" instance=ExtResource( 3 )]
transform = Transform( 0.97776, -0.200168, 0.0625964, 0.0041608, 0.31692, 0.948443, -0.209686, -0.927089, 0.310705, -9.09309, 20.357, -55.6731 )

[node name="tree8" parent="trees4" instance=ExtResource( 5 )]
transform = Transform( 0.955303, -0.292288, 0.0443128, -0.0254255, 0.0681055, 0.997354, -0.294532, -0.953902, 0.0576299, -15.6798, 3.31029, -57.7779 )

[node name="tree9" parent="trees4" instance=ExtResource( 3 )]
transform = Transform( 0.978064, 0.204199, 0.0411553, -0.0173018, -0.117253, 0.992951, 0.207585, -0.971882, -0.111148, 12.2279, -8.70336, -58.0817 )

[node name="tree10" parent="trees4" instance=ExtResource( 5 )]
transform = Transform( 0.783971, 0.616687, 0.0713165, -0.00974953, -0.102634, 0.994671, 0.620721, -0.780489, -0.0744498, 37.1038, -6.68229, -46.6419 )

[node name="tree11" parent="trees4" instance=ExtResource( 2 )]
transform = Transform( 0.864731, 0.496962, 0.0725876, 0.131698, -0.363843, 0.922103, 0.484661, -0.787811, -0.380075, 28.8943, -22.9902, -47.1928 )

[node name="trees5" type="Spatial" parent="."]
transform = Transform( -0.356023, -0.671931, -0.649428, -0.766152, 0.607784, -0.208832, 0.535032, 0.423211, -0.731186, 0, 0, 0 )

[node name="tree2" parent="trees5" instance=ExtResource( 3 )]
transform = Transform( -1, 3.25841e-07, 0, -3.25841e-07, -1, 0, 0, 0, 1, 0, -60, 0 )

[node name="tree3" parent="trees5" instance=ExtResource( 4 )]
transform = Transform( 0.730618, 0.504829, 0.459722, 0.245416, -0.822471, 0.51314, 0.637156, -0.262086, -0.724805, 30.3012, -49.07, -16.1767 )

[node name="tree4" parent="trees5" instance=ExtResource( 5 )]
transform = Transform( 0.922525, 0.385938, 6.28773e-08, 0, -1.62921e-07, 1, 0.385938, -0.922525, -1.50298e-07, 23.4951, 0, -55.1679 )

[node name="tree5" parent="trees5" instance=ExtResource( 2 )]
transform = Transform( 0.90211, -0.429596, -0.0405471, 0.127624, 0.17587, 0.976105, -0.4122, -0.88573, 0.213481, -26.2728, 9.77327, -53.016 )

[node name="tree6" parent="trees5" instance=ExtResource( 2 )]
transform = Transform( 0.97559, 0.210734, -0.0617744, 0.00612906, 0.255063, 0.966905, 0.219517, -0.943681, 0.247545, 12.7211, 15.6683, -56.4624 )

[node name="tree7" parent="trees5" instance=ExtResource( 3 )]
transform = Transform( 0.97776, -0.200168, 0.0625964, 0.0041608, 0.31692, 0.948443, -0.209686, -0.927089, 0.310705, -9.09309, 20.357, -55.6731 )

[node name="tree8" parent="trees5" instance=ExtResource( 5 )]
transform = Transform( 0.955303, -0.292288, 0.0443128, -0.0254255, 0.0681055, 0.997354, -0.294532, -0.953902, 0.0576299, -15.6798, 3.31029, -57.7779 )

[node name="tree9" parent="trees5" instance=ExtResource( 3 )]
transform = Transform( 0.978064, 0.204199, 0.0411553, -0.0173018, -0.117253, 0.992951, 0.207585, -0.971882, -0.111148, 12.2279, -8.70336, -58.0817 )

[node name="tree10" parent="trees5" instance=ExtResource( 5 )]
transform = Transform( 0.783971, 0.616687, 0.0713165, -0.00974953, -0.102634, 0.994671, 0.620721, -0.780489, -0.0744498, 37.1038, -6.68229, -46.6419 )

[node name="tree11" parent="trees5" instance=ExtResource( 2 )]
transform = Transform( 0.864731, 0.496962, 0.0725876, 0.131698, -0.363843, 0.922103, 0.484661, -0.787811, -0.380075, 28.8943, -22.9902, -47.1928 )

[node name="trees6" type="Spatial" parent="."]
transform = Transform( 0.66865, 0.604653, -0.432785, -0.655315, 0.204141, -0.727247, -0.351383, 0.769884, 0.532737, 0, 0, 0 )

[node name="tree" parent="trees6" instance=ExtResource( 2 )]
transform = Transform( 0.998423, 0.0482779, -0.0286426, -0.0561352, 0.858674, -0.509438, 0, 0.510243, 0.86003, 2.51157, 49.3531, 33.8618 )

[node name="tree3" parent="trees6" instance=ExtResource( 4 )]
transform = Transform( 0.730618, 0.504829, 0.459722, 0.245416, -0.822471, 0.51314, 0.637156, -0.262086, -0.724805, 30.3012, -49.07, -16.1767 )

[node name="tree4" parent="trees6" instance=ExtResource( 5 )]
transform = Transform( 0.922525, 0.385938, 6.28773e-08, 0, -1.62921e-07, 1, 0.385938, -0.922525, -1.50298e-07, 23.4951, 0, -55.1679 )

[node name="tree5" parent="trees6" instance=ExtResource( 2 )]
transform = Transform( 0.90211, -0.429596, -0.0405471, 0.127624, 0.17587, 0.976105, -0.4122, -0.88573, 0.213481, -26.2728, 9.77327, -53.016 )

[node name="tree7" parent="trees6" instance=ExtResource( 3 )]
transform = Transform( 0.97776, -0.200168, 0.0625964, 0.0041608, 0.31692, 0.948443, -0.209686, -0.927089, 0.310705, -9.09309, 20.357, -55.6731 )

[node name="tree8" parent="trees6" instance=ExtResource( 5 )]
transform = Transform( 0.955303, -0.292288, 0.0443128, -0.0254255, 0.0681055, 0.997354, -0.294532, -0.953902, 0.0576299, -15.6798, 3.31029, -57.7779 )

[node name="tree9" parent="trees6" instance=ExtResource( 3 )]
transform = Transform( 0.978064, 0.204199, 0.0411553, -0.0173018, -0.117253, 0.992951, 0.207585, -0.971882, -0.111148, 12.2279, -8.70336, -58.0817 )

[node name="tree10" parent="trees6" instance=ExtResource( 5 )]
transform = Transform( 0.783971, 0.616687, 0.0713165, -0.00974953, -0.102634, 0.994671, 0.620721, -0.780489, -0.0744498, 37.1038, -6.68229, -46.6419 )

[node name="tree11" parent="trees6" instance=ExtResource( 2 )]
transform = Transform( 0.864731, 0.496962, 0.0725876, 0.131698, -0.363843, 0.922103, 0.484661, -0.787811, -0.380075, 28.8943, -22.9902, -47.1928 )

[node name="trees7" type="Spatial" parent="."]
transform = Transform( 0.631666, 0.769906, 0.0907889, 0.739026, -0.562639, -0.37051, -0.234176, 0.301134, -0.924381, 0, 0, 0 )

[node name="tree" parent="trees7" instance=ExtResource( 2 )]
transform = Transform( 0.998423, 0.0482779, -0.0286426, -0.0561352, 0.858674, -0.509438, 0, 0.510243, 0.86003, 2.51157, 49.3531, 33.8618 )

[node name="tree2" parent="trees7" instance=ExtResource( 3 )]
transform = Transform( -1, 3.25841e-07, 0, -3.25841e-07, -1, 0, 0, 0, 1, 0, -60, 0 )

[node name="tree3" parent="trees7" instance=ExtResource( 4 )]
transform = Transform( 0.730618, 0.504829, 0.459722, 0.245416, -0.822471, 0.51314, 0.637156, -0.262086, -0.724805, 30.3012, -49.07, -16.1767 )

[node name="tree4" parent="trees7" instance=ExtResource( 5 )]
transform = Transform( 0.922525, 0.385938, 6.28773e-08, 0, -1.62921e-07, 1, 0.385938, -0.922525, -1.50298e-07, 23.4951, 0, -55.1679 )

[node name="tree5" parent="trees7" instance=ExtResource( 2 )]
transform = Transform( 0.90211, -0.429596, -0.0405471, 0.127624, 0.17587, 0.976105, -0.4122, -0.88573, 0.213481, -26.2728, 9.77327, -53.016 )

[node name="tree6" parent="trees7" instance=ExtResource( 2 )]
transform = Transform( 0.97559, 0.210734, -0.0617744, 0.00612906, 0.255063, 0.966905, 0.219517, -0.943681, 0.247545, 12.7211, 15.6683, -56.4624 )

[node name="tree7" parent="trees7" instance=ExtResource( 3 )]
transform = Transform( 0.97776, -0.200168, 0.0625964, 0.0041608, 0.31692, 0.948443, -0.209686, -0.927089, 0.310705, -9.09309, 20.357, -55.6731 )

[node name="tree8" parent="trees7" instance=ExtResource( 5 )]
transform = Transform( 0.955303, -0.292288, 0.0443128, -0.0254255, 0.0681055, 0.997354, -0.294532, -0.953902, 0.0576299, -15.6798, 3.31029, -57.7779 )

[node name="tree9" parent="trees7" instance=ExtResource( 3 )]
transform = Transform( 0.978064, 0.204199, 0.0411553, -0.0173018, -0.117253, 0.992951, 0.207585, -0.971882, -0.111148, 12.2279, -8.70336, -58.0817 )

[node name="tree10" parent="trees7" instance=ExtResource( 5 )]
transform = Transform( 0.783971, 0.616687, 0.0713165, -0.00974953, -0.102634, 0.994671, 0.620721, -0.780489, -0.0744498, 37.1038, -6.68229, -46.6419 )

[node name="tree11" parent="trees7" instance=ExtResource( 2 )]
transform = Transform( 0.864731, 0.496962, 0.0725876, 0.131698, -0.363843, 0.922103, 0.484661, -0.787811, -0.380075, 28.8943, -22.9902, -47.1928 )

[node name="trees8" type="Spatial" parent="."]
transform = Transform( 0.0503416, -0.345145, -0.937198, -0.17213, 0.921348, -0.348554, 0.983787, 0.178867, -0.0130281, 0, 0, 0 )

[node name="tree2" parent="trees8" instance=ExtResource( 3 )]
transform = Transform( -1, 3.25841e-07, 0, -3.25841e-07, -1, 0, 0, 0, 1, 0, -60, 0 )

[node name="tree4" parent="trees8" instance=ExtResource( 5 )]
transform = Transform( 0.922525, 0.385938, 6.28773e-08, 0, -1.62921e-07, 1, 0.385938, -0.922525, -1.50298e-07, 23.4951, 0, -55.1679 )

[node name="tree5" parent="trees8" instance=ExtResource( 2 )]
transform = Transform( 0.90211, -0.429596, -0.0405471, 0.127624, 0.17587, 0.976105, -0.4122, -0.88573, 0.213481, -26.2728, 9.77327, -53.016 )

[node name="tree6" parent="trees8" instance=ExtResource( 2 )]
transform = Transform( 0.97559, 0.210734, -0.0617744, 0.00612906, 0.255063, 0.966905, 0.219517, -0.943681, 0.247545, 12.7211, 15.6683, -56.4624 )

[node name="tree7" parent="trees8" instance=ExtResource( 3 )]
transform = Transform( 0.97776, -0.200168, 0.0625964, 0.0041608, 0.31692, 0.948443, -0.209686, -0.927089, 0.310705, -9.09309, 20.357, -55.6731 )

[node name="tree8" parent="trees8" instance=ExtResource( 5 )]
transform = Transform( 0.955303, -0.292288, 0.0443128, -0.0254255, 0.0681055, 0.997354, -0.294532, -0.953902, 0.0576299, -15.6798, 3.31029, -57.7779 )

[node name="tree9" parent="trees8" instance=ExtResource( 3 )]
transform = Transform( 0.978064, 0.204199, 0.0411553, -0.0173018, -0.117253, 0.992951, 0.207585, -0.971882, -0.111148, 12.2279, -8.70336, -58.0817 )

[node name="tree10" parent="trees8" instance=ExtResource( 5 )]
transform = Transform( 0.783971, 0.616687, 0.0713165, -0.00974953, -0.102634, 0.994671, 0.620721, -0.780489, -0.0744498, 37.1038, -6.68229, -46.6419 )

[node name="tree11" parent="trees8" instance=ExtResource( 2 )]
transform = Transform( 0.864731, 0.496962, 0.0725876, 0.131698, -0.363843, 0.922103, 0.484661, -0.787811, -0.380075, 28.8943, -22.9902, -47.1928 )

[node name="trees9" type="Spatial" parent="."]
transform = Transform( -0.913203, -0.359321, 0.192222, 0.113528, -0.677359, -0.72684, 0.391371, -0.64193, 0.659359, 0, 0, 0 )

[node name="tree2" parent="trees9" instance=ExtResource( 3 )]
transform = Transform( -1, 3.25841e-07, 0, -3.25841e-07, -1, 0, 0, 0, 1, 0, -60, 0 )

[node name="tree4" parent="trees9" instance=ExtResource( 5 )]
transform = Transform( 0.922525, 0.385938, 6.28773e-08, 0, -1.62921e-07, 1, 0.385938, -0.922525, -1.50298e-07, 23.4951, 0, -55.1679 )

[node name="tree5" parent="trees9" instance=ExtResource( 2 )]
transform = Transform( 0.90211, -0.429596, -0.0405471, 0.127624, 0.17587, 0.976105, -0.4122, -0.88573, 0.213481, -26.2728, 9.77327, -53.016 )

[node name="tree6" parent="trees9" instance=ExtResource( 2 )]
transform = Transform( 0.97559, 0.210734, -0.0617744, 0.00612906, 0.255063, 0.966905, 0.219517, -0.943681, 0.247545, 12.7211, 15.6683, -56.4624 )

[node name="tree7" parent="trees9" instance=ExtResource( 3 )]
transform = Transform( 0.97776, -0.200168, 0.0625964, 0.0041608, 0.31692, 0.948443, -0.209686, -0.927089, 0.310705, -9.09309, 20.357, -55.6731 )

[node name="tree8" parent="trees9" instance=ExtResource( 5 )]
transform = Transform( 0.955303, -0.292288, 0.0443128, -0.0254255, 0.0681055, 0.997354, -0.294532, -0.953902, 0.0576299, -15.6798, 3.31029, -57.7779 )

[node name="tree9" parent="trees9" instance=ExtResource( 3 )]
transform = Transform( 0.978064, 0.204199, 0.0411553, -0.0173018, -0.117253, 0.992951, 0.207585, -0.971882, -0.111148, 12.2279, -8.70336, -58.0817 )

[node name="tree10" parent="trees9" instance=ExtResource( 5 )]
transform = Transform( 0.783971, 0.616687, 0.0713165, -0.00974953, -0.102634, 0.994671, 0.620721, -0.780489, -0.0744498, 37.1038, -6.68229, -46.6419 )

[node name="tree11" parent="trees9" instance=ExtResource( 2 )]
transform = Transform( 0.864731, 0.496962, 0.0725876, 0.131698, -0.363843, 0.922103, 0.484661, -0.787811, -0.380075, 28.8943, -22.9902, -47.1928 )
