[gd_scene load_steps=13 format=2]

[ext_resource path="res://scripts/player.gd" type="Script" id=1]
[ext_resource path="res://scripts/bodyTilt.gd" type="Script" id=2]
[ext_resource path="res://scripts/playerStatus.gd" type="Script" id=3]
[ext_resource path="res://material/white.tres" type="Material" id=4]
[ext_resource path="res://Models/Car/CarTextured.tscn" type="PackedScene" id=5]

[sub_resource type="SphereMesh" id=1]
radius = 60.0
height = 120.0

[sub_resource type="SpatialMaterial" id=2]
albedo_color = Color( 0.431373, 0.956863, 0.215686, 1 )

[sub_resource type="CapsuleShape" id=3]
radius = 0.4
height = 1.4

[sub_resource type="CapsuleMesh" id=4]
radius = 0.7
mid_height = 0.7

[sub_resource type="SpatialMaterial" id=5]

[sub_resource type="Animation" id=6]
resource_name = "bounce"
length = 0.5
loop = true
step = 0.05

[sub_resource type="CylinderMesh" id=7]
top_radius = 0.4
bottom_radius = 0.4

[node name="Player" type="Spatial"]
script = ExtResource( 1 )

[node name="MeshInstance" type="MeshInstance" parent="."]
transform = Transform( 1, 0, 0, 0, 1, 0, 0, 0, 1, 0, -60, 0 )
visible = false
mesh = SubResource( 1 )
material/0 = SubResource( 2 )

[node name="helper_z" type="Spatial" parent="."]

[node name="helper_x" type="Spatial" parent="helper_z"]

[node name="bodyhelper" type="Spatial" parent="helper_z/helper_x"]
script = ExtResource( 2 )

[node name="body" type="KinematicBody" parent="helper_z/helper_x/bodyhelper" groups=[
"Player",
]]
script = ExtResource( 3 )
default_color = ExtResource( 4 )

[node name="CollisionShape" type="CollisionShape" parent="helper_z/helper_x/bodyhelper/body"]
transform = Transform( 1, 0, 0, 0, 1, 0, 0, 0, 1, 0, 0.399953, 0.5 )
shape = SubResource( 3 )

[node name="MeshInstance" type="MeshInstance" parent="helper_z/helper_x/bodyhelper/body"]
transform = Transform( 1, 0, 0, 0, 0.906308, 0.422618, 0, -0.422618, 0.906308, 0, 0, 0.5 )
visible = false
mesh = SubResource( 4 )
material/0 = SubResource( 5 )

[node name="Car" parent="helper_z/helper_x/bodyhelper/body" instance=ExtResource( 5 )]
transform = Transform( 0.2, 0, 0, 0, 0.2, 0, 0, 0, 0.2, 0, 0, 0 )

[node name="AnimationPlayer" type="AnimationPlayer" parent="helper_z/helper_x/bodyhelper/body"]
autoplay = "bounce"
anims/bounce = SubResource( 6 )

[node name="Camera" type="Camera" parent="helper_z/helper_x/bodyhelper"]
transform = Transform( -1, -1.67821e-07, 2.79301e-07, 0, 0.857167, 0.515038, -3.25841e-07, 0.515038, -0.857167, 0, 6, -3 )
projection = 1
size = 10.0

[node name="SpawnGroup" type="Spatial" parent="helper_z/helper_x/bodyhelper"]

[node name="Spatial" type="Spatial" parent="helper_z/helper_x/bodyhelper/SpawnGroup" groups=[
"SpawnPoint",
]]
transform = Transform( 1, 0, 0, 0, 0.691349, -0.722521, 0, 0.722521, 0.691349, 0, -19.254, 43.9 )

[node name="MeshInstance" type="MeshInstance" parent="helper_z/helper_x/bodyhelper/SpawnGroup/Spatial"]
transform = Transform( 1, 0, 0, 0, 1, 0, 0, 0, 1, 0, 1, 0 )
mesh = SubResource( 7 )
material/0 = null

[node name="Spatial2" type="Spatial" parent="helper_z/helper_x/bodyhelper/SpawnGroup" groups=[
"SpawnPoint",
]]
transform = Transform( 0.989089, 0.109629, -0.0984102, -0.147016, 0.691655, -0.707107, -0.00945321, 0.713859, 0.700225, 5, -19.7, 44 )

[node name="MeshInstance" type="MeshInstance" parent="helper_z/helper_x/bodyhelper/SpawnGroup/Spatial2"]
transform = Transform( 1, 0, 0, 0, 1, 0, 0, 0, 1, 0, 1, 0 )
mesh = SubResource( 7 )
material/0 = null

[node name="Spatial3" type="Spatial" parent="helper_z/helper_x/bodyhelper/SpawnGroup" groups=[
"SpawnPoint",
]]
transform = Transform( 0.953379, -0.0913846, -0.287606, -0.147016, 0.691655, -0.707107, 0.263543, 0.716423, 0.645974, -5, -19.7, 44 )

[node name="MeshInstance" type="MeshInstance" parent="helper_z/helper_x/bodyhelper/SpawnGroup/Spatial3"]
transform = Transform( 1, 0, 0, 0, 1, 0, 0, 0, 1, 0, 1, 0 )
mesh = SubResource( 7 )
material/0 = null

[node name="Spatial4" type="Spatial" parent="helper_z/helper_x/bodyhelper/SpawnGroup" groups=[
"SpawnPoint",
]]
transform = Transform( 0.907423, -0.190202, -0.374709, -0.147016, 0.691655, -0.707107, 0.393663, 0.696733, 0.59966, -10, -20.55, 44 )

[node name="MeshInstance" type="MeshInstance" parent="helper_z/helper_x/bodyhelper/SpawnGroup/Spatial4"]
transform = Transform( 1, 0, 0, 0, 1, 0, 0, 0, 1, 0, 1, 0 )
mesh = SubResource( 7 )
material/0 = null

[node name="Spatial5" type="Spatial" parent="helper_z/helper_x/bodyhelper/SpawnGroup" groups=[
"SpawnPoint",
]]
transform = Transform( 0.978148, 0.207912, 0, -0.147016, 0.691655, -0.707107, -0.147016, 0.691655, 0.707107, 10, -20.55, 44 )

[node name="MeshInstance" type="MeshInstance" parent="helper_z/helper_x/bodyhelper/SpawnGroup/Spatial5"]
transform = Transform( 1, 0, 0, 0, 1, 0, 0, 0, 1, 0, 1, 0 )
mesh = SubResource( 7 )
material/0 = null

[editable path="helper_z/helper_x/bodyhelper/body/Car"]
