[gd_scene load_steps=16 format=2]

[ext_resource path="res://scripts/player.gd" type="Script" id=1]
[ext_resource path="res://scripts/bodyTilt.gd" type="Script" id=2]
[ext_resource path="res://scripts/playerStatus.gd" type="Script" id=3]
[ext_resource path="res://Models/Car/CarTextured.material" type="Material" id=4]
[ext_resource path="res://Models/Car/CarTextured.tscn" type="PackedScene" id=5]
[ext_resource path="res://material/oil.png" type="Texture" id=6]

[sub_resource type="SphereMesh" id=1]
radius = 60.0
height = 120.0

[sub_resource type="SpatialMaterial" id=2]
albedo_color = Color( 0.431373, 0.956863, 0.215686, 1 )

[sub_resource type="CapsuleShape" id=3]
radius = 0.4
height = 1.4

[sub_resource type="CapsuleMesh" id=4]
radius = 0.7
mid_height = 0.7

[sub_resource type="SpatialMaterial" id=5]

[sub_resource type="Animation" id=6]
resource_name = "bounce"
length = 0.5
loop = true
step = 0.05
tracks/0/type = "value"
tracks/0/path = NodePath("Car/Cube2:scale")
tracks/0/interp = 2
tracks/0/loop_wrap = true
tracks/0/imported = false
tracks/0/enabled = true
tracks/0/keys = {
"times": PoolRealArray( 0, 0.25, 0.5 ),
"transitions": PoolRealArray( 1, 1, 1 ),
"update": 0,
"values": [ Vector3( 100, 100, 100 ), Vector3( 100, 100, 110 ), Vector3( 100, 100, 100 ) ]
}
tracks/1/type = "value"
tracks/1/path = NodePath("Car/Cube2:translation")
tracks/1/interp = 2
tracks/1/loop_wrap = true
tracks/1/imported = false
tracks/1/enabled = true
tracks/1/keys = {
"times": PoolRealArray( 0, 0.25, 0.5 ),
"transitions": PoolRealArray( 1, 1, 1 ),
"update": 0,
"values": [ Vector3( 0, 0, 2.5 ), Vector3( 0, 0.4, 2.5 ), Vector3( 0, 0, 2.5 ) ]
}

[sub_resource type="Environment" id=7]
background_mode = 1
background_color = Color( 0.670588, 0.960784, 0.992157, 1 )
ambient_light_color = Color( 1, 1, 1, 1 )

[sub_resource type="Animation" id=8]
resource_name = "oil"
length = 3.0
tracks/0/type = "value"
tracks/0/path = NodePath("Sprite3D:visible")
tracks/0/interp = 1
tracks/0/loop_wrap = true
tracks/0/imported = false
tracks/0/enabled = true
tracks/0/keys = {
"times": PoolRealArray( 0, 3 ),
"transitions": PoolRealArray( 1, 1 ),
"update": 1,
"values": [ true, false ]
}
tracks/1/type = "value"
tracks/1/path = NodePath("Sprite3D:modulate")
tracks/1/interp = 1
tracks/1/loop_wrap = true
tracks/1/imported = false
tracks/1/enabled = true
tracks/1/keys = {
"times": PoolRealArray( 0, 0.2, 2, 3 ),
"transitions": PoolRealArray( 1, 1, 1, 1 ),
"update": 0,
"values": [ Color( 1, 1, 1, 0 ), Color( 1, 1, 1, 1 ), Color( 1, 1, 1, 1 ), Color( 1, 1, 1, 0 ) ]
}
tracks/2/type = "value"
tracks/2/path = NodePath("Sprite3D:scale")
tracks/2/interp = 1
tracks/2/loop_wrap = true
tracks/2/imported = false
tracks/2/enabled = true
tracks/2/keys = {
"times": PoolRealArray( 0, 0.2 ),
"transitions": PoolRealArray( 1, 1 ),
"update": 0,
"values": [ Vector3( 0.5, 0.5, 0.5 ), Vector3( 1, 1, 1 ) ]
}

[sub_resource type="CylinderMesh" id=9]
top_radius = 0.4
bottom_radius = 0.4

[node name="Player" type="Spatial"]
script = ExtResource( 1 )

[node name="MeshInstance" type="MeshInstance" parent="."]
transform = Transform( 1, 0, 0, 0, 1, 0, 0, 0, 1, 0, -60, 0 )
visible = false
mesh = SubResource( 1 )
material/0 = SubResource( 2 )

[node name="helper_z" type="Spatial" parent="."]

[node name="helper_x" type="Spatial" parent="helper_z"]

[node name="bodyhelper" type="Spatial" parent="helper_z/helper_x"]
script = ExtResource( 2 )

[node name="body" type="KinematicBody" parent="helper_z/helper_x/bodyhelper" groups=[
"Player",
]]
script = ExtResource( 3 )
default_color = ExtResource( 4 )

[node name="CollisionShape" type="CollisionShape" parent="helper_z/helper_x/bodyhelper/body"]
transform = Transform( 1, 0, 0, 0, 1, 0, 0, 0, 1, 0, 0.399953, 0.5 )
shape = SubResource( 3 )

[node name="MeshInstance" type="MeshInstance" parent="helper_z/helper_x/bodyhelper/body"]
transform = Transform( 1, 0, 0, 0, 0.906308, 0.422618, 0, -0.422618, 0.906308, 0, 0, 0.5 )
visible = false
mesh = SubResource( 4 )
material/0 = SubResource( 5 )

[node name="Car" parent="helper_z/helper_x/bodyhelper/body" instance=ExtResource( 5 )]
transform = Transform( 0.2, 0, 0, 0, 0.2, 0, 0, 0, 0.2, 0, 0, 0 )

[node name="Cube2" parent="helper_z/helper_x/bodyhelper/body/Car" index="0"]
transform = Transform( 100, 0, 0, 0, -4.37114e-06, 106.417, 0, -100, -4.65163e-06, 0, 0.256675, 2.5 )

[node name="AnimationPlayer" type="AnimationPlayer" parent="helper_z/helper_x/bodyhelper/body"]
autoplay = "bounce"
anims/bounce = SubResource( 6 )

[node name="Camera" type="Camera" parent="helper_z/helper_x/bodyhelper"]
transform = Transform( -1, -1.67821e-07, 2.793e-07, 0, 0.857167, 0.515038, -3.25841e-07, 0.515038, -0.857167, 0, 6, -3 )
environment = SubResource( 7 )
projection = 1
size = 10.0

[node name="Sprite3D" type="Sprite3D" parent="helper_z/helper_x/bodyhelper/Camera"]
transform = Transform( 1, 0, 0, 0, 1, 0, 0, 0, 1, -2.17701e-07, 0.344108, -0.572691 )
visible = false
modulate = Color( 1, 1, 1, 0 )
texture = ExtResource( 6 )

[node name="AnimationPlayer" type="AnimationPlayer" parent="helper_z/helper_x/bodyhelper/Camera"]
anims/oil = SubResource( 8 )

[node name="SpawnGroup" type="Spatial" parent="helper_z/helper_x/bodyhelper"]

[node name="Spatial" type="Spatial" parent="helper_z/helper_x/bodyhelper/SpawnGroup" groups=[
"SpawnPoint",
]]
transform = Transform( 1, 0, 0, 0, 0.691349, -0.722521, 0, 0.722521, 0.691349, 0, -19.254, 43.9 )

[node name="MeshInstance" type="MeshInstance" parent="helper_z/helper_x/bodyhelper/SpawnGroup/Spatial"]
transform = Transform( 1, 0, 0, 0, 1, 0, 0, 0, 1, 0, 1, 0 )
visible = false
mesh = SubResource( 9 )
material/0 = null

[node name="Spatial6" type="Spatial" parent="helper_z/helper_x/bodyhelper/SpawnGroup" groups=[
"SpawnPoint",
]]
transform = Transform( 0.997806, -0.0424706, 0.0507965, 0.0662063, 0.629911, -0.77384, 0.000868186, 0.775505, 0.631341, -2.35, -22, 46 )

[node name="MeshInstance" type="MeshInstance" parent="helper_z/helper_x/bodyhelper/SpawnGroup/Spatial6"]
transform = Transform( 1, 0, 0, 0, 1, 0, 0, 0, 1, 0, 1, 0 )
visible = false
mesh = SubResource( 9 )
material/0 = null

[node name="Spatial7" type="Spatial" parent="helper_z/helper_x/bodyhelper/SpawnGroup" groups=[
"SpawnPoint",
]]
transform = Transform( 0.994661, 0.0198609, 0.101266, 0.0662063, 0.629911, -0.77384, -0.0791576, 0.776413, 0.625233, 2.35, -22, 46 )

[node name="MeshInstance" type="MeshInstance" parent="helper_z/helper_x/bodyhelper/SpawnGroup/Spatial7"]
transform = Transform( 1, 0, 0, 0, 1, 0, 0, 0, 1, 0, 1, 0 )
visible = false
mesh = SubResource( 9 )
material/0 = null

[node name="Spatial8" type="Spatial" parent="helper_z/helper_x/bodyhelper/SpawnGroup" groups=[
"SpawnPoint",
]]
transform = Transform( 0.974572, 0.125158, 0.185862, 0.0627786, 0.643736, -0.762668, -0.2151, 0.754943, 0.61951, 7.5, -22.25, 45.9 )

[node name="MeshInstance" type="MeshInstance" parent="helper_z/helper_x/bodyhelper/SpawnGroup/Spatial8"]
transform = Transform( 1, 0, 0, 0, 1, 0, 0, 0, 1, 0, 1, 0 )
visible = false
mesh = SubResource( 9 )
material/0 = null

[node name="Spatial9" type="Spatial" parent="helper_z/helper_x/bodyhelper/SpawnGroup" groups=[
"SpawnPoint",
]]
transform = Transform( 0.995278, -0.0970618, 0, 0.0569761, 0.584237, -0.809581, 0.0785794, 0.805758, 0.587008, -7.5, -22.25, 45.9 )

[node name="MeshInstance" type="MeshInstance" parent="helper_z/helper_x/bodyhelper/SpawnGroup/Spatial9"]
transform = Transform( 1, 0, 0, 0, 1, 0, 0, 0, 1, 0, 1, 0 )
visible = false
mesh = SubResource( 9 )
material/0 = null

[node name="Spatial2" type="Spatial" parent="helper_z/helper_x/bodyhelper/SpawnGroup" groups=[
"SpawnPoint",
]]
transform = Transform( 0.989089, 0.109629, -0.0984102, -0.147016, 0.691655, -0.707107, -0.00945321, 0.713859, 0.700225, 5, -19.7, 44 )

[node name="MeshInstance" type="MeshInstance" parent="helper_z/helper_x/bodyhelper/SpawnGroup/Spatial2"]
transform = Transform( 1, 0, 0, 0, 1, 0, 0, 0, 1, 0, 1, 0 )
visible = false
mesh = SubResource( 9 )
material/0 = null

[node name="Spatial3" type="Spatial" parent="helper_z/helper_x/bodyhelper/SpawnGroup" groups=[
"SpawnPoint",
]]
transform = Transform( 0.953379, -0.0913846, -0.287606, -0.147016, 0.691655, -0.707107, 0.263543, 0.716423, 0.645974, -5, -19.7, 44 )

[node name="MeshInstance" type="MeshInstance" parent="helper_z/helper_x/bodyhelper/SpawnGroup/Spatial3"]
transform = Transform( 1, 0, 0, 0, 1, 0, 0, 0, 1, 0, 1, 0 )
visible = false
mesh = SubResource( 9 )
material/0 = null

[node name="Spatial4" type="Spatial" parent="helper_z/helper_x/bodyhelper/SpawnGroup" groups=[
"SpawnPoint",
]]
transform = Transform( 0.907423, -0.190202, -0.374709, -0.147016, 0.691655, -0.707107, 0.393663, 0.696733, 0.59966, -10, -20.55, 44 )

[node name="MeshInstance" type="MeshInstance" parent="helper_z/helper_x/bodyhelper/SpawnGroup/Spatial4"]
transform = Transform( 1, 0, 0, 0, 1, 0, 0, 0, 1, 0, 1, 0 )
visible = false
mesh = SubResource( 9 )
material/0 = null

[node name="Spatial5" type="Spatial" parent="helper_z/helper_x/bodyhelper/SpawnGroup" groups=[
"SpawnPoint",
]]
transform = Transform( 0.978148, 0.207912, 0, -0.147016, 0.691655, -0.707107, -0.147016, 0.691655, 0.707107, 10, -20.55, 44 )

[node name="MeshInstance" type="MeshInstance" parent="helper_z/helper_x/bodyhelper/SpawnGroup/Spatial5"]
transform = Transform( 1, 0, 0, 0, 1, 0, 0, 0, 1, 0, 1, 0 )
visible = false
mesh = SubResource( 9 )
material/0 = null

[editable path="helper_z/helper_x/bodyhelper/body/Car"]
